  -2500.0000000000000     
  -1250.0000000000000     
  -625.00000000000000     
  -312.50000000000000     
  -156.25000000000000     
  -78.125000000000000     
  -39.062500000000000     
  -19.531250000000000     
  -29.296875000000000     
  -24.414062500000000     
  -21.972656250000000     
  -20.751953125000000     
  -21.362304687500000     
  -21.057128906250000     
  -20.904541015625000     
  -20.828247070312500     
  -20.866394042968750     
  -20.885467529296875     
  -20.895004272460938     
  -20.899772644042969     
  -20.902156829833984     
  -20.903348922729492     
  -20.902752876281738     
  -20.902454853057861     
  -20.902603864669800     
  -20.902529358863831     
  -20.902492105960846     
  -20.902473479509354     
  -20.902482792735100     
  -20.902478136122227     
  -20.902480464428663     
  -20.902481628581882     
  -20.902481046505272     
  -20.902480755466968     
  -20.902480609947816     
  -20.902480537188239     
  -20.902480573568027     
  -20.902480555378133     
  -20.902480546283186     
  -20.902480550830660     
              (-13.666666984558105,0.0000000000000000)              (13.333333015441895,-0.0000000000000000)
               (13.333333015441895,0.0000000000000000)               (3.6666667461395264,0.0000000000000000)
  
              (-20.902480550830660,0.0000000000000000)
